C:\ProgramData\Anaconda3\python.exe "C:\Program Files\JetBrains\PyCharm 2018.3.2\helpers\pydev\pydevconsole.py" --mode=client --port=52498
import sys; print('Python %s on %s' % (sys.version, sys.platform))
sys.path.extend(['E:\\Si\\NEU\\CS6140 Machine Learning\\HW1', 'E:/Si/NEU/CS6140 Machine Learning/HW1'])
Python 3.7.1 (default, Dec 10 2018, 22:54:23) [MSC v.1915 64 bit (AMD64)]
Type 'copyright', 'credits' or 'license' for more information
IPython 7.2.0 -- An enhanced Interactive Python. Type '?' for help.
PyDev console: using IPython 7.2.0
Python 3.7.1 (default, Dec 10 2018, 22:54:23) [MSC v.1915 64 bit (AMD64)] on win32
runfile('E:/Si/NEU/CS6140 Machine Learning/HW1/src/predict_housing.py', wdir='E:/Si/NEU/CS6140 Machine Learning/HW1/src')
433
288
154
73
31
5
4
44.150000000000006
1
50.0
26
14
11
5
4
41.35
1
46.0
6
5
3
41.300000000000004
2
46.75
1
50.0
3
36.96666666666667
12
8
3
43.699999999999996
5
4
43.85
1
46.7
4
36.975
42
24
9
5
4
36.85
1
29.1
4
33.95
15
10
6
5
4
35.699999999999996
1
50.0
1
23.5
4
30.950000000000003
5
4
33.175
1
22.5
18
12
6
5
4
29.225
1
50.0
1
23.7
6
3
28.46666666666667
3
29.166666666666668
6
5
4
26.85
1
22.8
1
23.9
81
43
18
7
5
4
27.025000000000002
1
25.3
2
37.7
11
6
4
25.675000000000004
2
24.9
5
4
27.450000000000003
1
24.6
25
14
7
4
25.675000000000004
3
27.333333333333332
7
6
5
4
26.35
1
34.6
1
28.4
1
32.0
11
8
6
5
4
22.975
1
24.1
1
23.3
2
26.5
3
29.53333333333333
38
20
13
6
5
4
25.174999999999997
1
43.1
1
22.6
7
4
24.450000000000003
3
32.53333333333333
7
6
5
3
30.466666666666665
2
26.200000000000003
1
20.4
1
24.4
18
9
7
5
1
23.7
4
24.75
2
22.05
2
21.35
9
8
7
5
2
31.0
3
27.133333333333336
2
21.2
1
23.4
1
22.2
134
72
42
18
10
7
4
23.674999999999997
3
21.3
3
31.166666666666668
8
4
23.5
4
21.325
24
16
5
4
22.875
1
27.5
11
7
3
27.233333333333334
4
24.075
4
30.049999999999997
8
6
5
4
23.15
1
19.0
1
19.5
2
23.35
30
23
13
7
3
20.933333333333334
4
22.2
6
4
19.275
2
21.15
10
6
5
4
21.2
1
23.0
1
17.5
4
20.825
7
4
23.3
3
23.53333333333333
62
29
15
11
5
4
19.700000000000003
1
22.7
6
5
4
23.425
1
18.5
1
21.8
4
17.925
14
9
5
2
23.75
3
20.000000000000004
4
19.2
5
4
19.125
1
22.5
33
20
15
10
6
2
20.4
4
18.674999999999997
4
22.775
5
4
20.55
1
19.7
5
4
21.95
1
19.6
13
10
4
22.049999999999997
6
5
4
20.15
1
19.9
1
20.3
3
20.666666666666668
145
98
56
29
20
13
9
2
16.55
7
6
5
4
19.1
1
23.1
1
20.0
1
20.1
4
22.525
7
6
3
16.599999999999998
3
14.166666666666666
1
20.4
9
3
17.2
6
5
4
19.925
1
19.8
1
22.4
27
12
10
8
5
2
15.95
3
16.366666666666667
3
14.899999999999999
2
18.95
2
15.65
15
10
7
5
4
16.45
1
11.7
2
13.3
3
17.066666666666666
5
4
17.9
1
21.5
42
26
19
10
8
7
4
16.8
3
14.0
1
17.8
2
13.7
9
3
18.599999999999998
6
5
4
17.5
1
15.4
1
12.7
7
5
4
17.425
1
14.1
2
11.4
16
8
6
2
10.3
4
11.125
2
12.55
8
6
5
4
14.3
1
15.4
1
10.2
2
11.6
47
32
19
12
9
5
4
11.55
1
13.9
4
12.5
3
14.4
7
6
5
4
11.275
1
12.3
1
12.0
1
17.3
13
9
3
11.466666666666667
6
5
3
11.566666666666668
2
9.5
1
15.7
4
11.5
15
12
11
7
4
15.125
3
9.266666666666667
4
8.399999999999999
1
8.4
3
11.733333333333334
569.7535810810814
